0.37
0.37
0.36
0.36
0.38
0.37
0.36
0.37
0.36
0.36
0.36
0.36
0.37
0.37
0.36
0.36
0.36
0.36
0.36
0.36
0.37
0.37
0.37
0.36
0.36
0.36
0.36
0.36
0.36
0.36
0.36
0.37
0.37
0.36
0.37
0.36
0.42
0.36
0.36
0.37
0.36
0.37
0.37
0.36
0.36
0.36
0.37
0.37
0.36
0.36
0.36
0.36
0.37
0.36
0.37
0.37
0.36
0.42
0.37
0.36
0.37
0.36
0.37
0.41
0.39
0.37
0.37
0.36
0.37
0.37
0.36
0.36
0.38
0.37
0.37
0.37
0.37
0.36
0.37
0.36
0.37
0.36
0.37
0.37
0.37
0.42
0.36
0.36
0.37
0.36
0.36
0.36
0.36
0.36
0.37
0.36
0.37
0.37
0.36
0.37
