0.62
0.61
0.62
0.61
0.61
0.62
0.62
0.62
0.61
0.62
0.62
0.61
0.62
0.62
0.61
0.62
0.62
0.61
0.61
0.62
0.62
0.62
0.62
0.61
0.61
0.61
0.62
0.62
0.61
0.62
0.63
0.62
0.61
0.62
0.62
0.61
0.62
0.62
0.62
0.62
0.61
0.61
0.61
0.62
0.62
0.62
0.61
0.61
0.61
0.61
0.62
0.62
0.62
0.62
0.61
0.61
0.61
0.62
0.61
0.62
0.61
0.62
0.62
0.61
0.62
0.60
0.61
0.61
0.61
0.61
0.61
0.62
0.61
0.62
0.62
0.62
0.62
0.61
0.62
0.60
0.62
0.61
0.62
0.62
0.62
0.62
0.62
0.61
0.61
0.62
0.62
0.62
0.62
0.62
0.62
0.62
0.61
0.61
0.62
0.62
