2.98
2.98
2.97
2.99
2.98
2.99
2.97
2.96
2.98
2.97
3.22
3.21
2.97
2.98
3.22
3.22
2.99
2.99
2.98
2.97
3.06
2.97
2.99
3.00
2.97
2.98
2.97
2.98
3.19
2.98
2.99
2.97
3.00
2.98
2.98
3.15
2.98
2.97
2.97
2.98
2.99
2.98
2.97
2.98
3.23
2.98
2.98
3.00
3.22
3.08
2.98
2.99
3.18
2.98
3.02
2.99
2.98
2.99
3.06
2.99
2.98
2.99
2.98
2.99
2.98
2.97
3.12
2.98
2.98
3.14
3.22
2.97
2.98
3.14
2.99
2.99
2.97
2.98
3.18
2.98
2.98
2.98
2.98
3.13
2.98
2.99
2.97
2.99
2.97
2.97
2.98
2.97
3.00
2.98
3.15
3.23
3.03
2.98
2.97
2.97
