1.50
1.49
1.51
1.49
1.50
1.50
1.50
1.49
1.60
1.50
1.50
1.50
1.49
1.50
1.50
1.51
1.51
1.50
1.51
1.51
1.50
1.50
1.51
1.51
1.50
1.50
1.50
1.51
1.51
1.49
1.50
1.51
1.52
1.51
1.58
1.49
1.51
1.51
1.50
1.50
1.50
1.51
1.50
1.50
1.52
1.50
1.50
1.50
1.50
1.51
1.50
1.50
1.51
1.51
1.51
1.51
1.50
1.49
1.50
1.50
1.50
1.50
1.50
1.51
1.50
1.49
1.50
1.50
1.50
1.49
1.51
1.49
1.49
1.50
1.50
1.50
1.49
1.51
1.51
1.51
1.50
1.51
1.51
1.50
1.50
1.50
1.50
1.50
1.50
1.51
1.51
1.50
1.50
1.51
1.50
1.50
1.50
1.50
1.50
1.50
