0.66
0.67
0.66
0.66
0.67
0.67
0.67
0.66
0.67
0.66
0.66
0.66
0.66
0.67
0.66
0.66
0.66
0.67
0.67
0.67
0.67
0.67
0.67
0.66
0.66
0.67
0.67
0.66
0.67
0.66
0.67
0.67
0.67
0.66
0.67
0.73
0.66
0.66
0.67
0.66
0.66
0.67
0.66
0.66
0.66
0.66
0.67
0.67
0.66
0.67
0.78
0.67
0.66
0.66
0.66
0.67
0.66
0.66
0.66
0.66
0.66
0.66
0.66
0.66
0.66
0.66
0.74
0.66
0.66
0.66
0.66
0.67
0.75
0.66
0.66
0.66
0.66
0.66
0.67
0.66
0.66
0.66
0.67
0.66
0.66
0.74
0.66
0.67
0.67
0.67
0.66
0.78
0.67
0.66
0.67
0.66
0.66
0.66
0.66
0.67
