1.62
1.63
1.63
1.62
1.63
1.62
1.63
1.62
1.62
1.63
1.62
1.63
1.62
1.61
1.63
1.62
1.62
1.63
1.62
1.62
1.62
1.61
1.62
1.62
1.62
1.62
1.62
1.61
1.62
1.62
1.62
1.62
1.62
1.63
1.62
1.62
1.62
1.61
1.63
1.61
1.61
1.63
1.62
1.62
1.63
1.62
1.61
1.62
1.63
1.63
1.63
1.63
1.63
1.61
1.62
1.62
1.62
1.62
1.63
1.62
1.61
1.61
1.62
1.62
1.62
1.62
1.63
1.63
1.61
1.62
1.61
1.61
1.62
1.62
1.62
1.62
1.62
1.62
1.89
1.61
1.62
1.63
1.63
1.61
1.62
1.64
1.62
1.63
1.62
1.63
1.62
2.03
1.63
1.62
1.62
1.63
1.62
1.79
1.62
1.62
