0.32
0.33
0.32
0.32
0.32
0.32
0.32
0.32
0.32
0.32
0.33
0.32
0.32
0.32
0.32
0.32
0.32
0.32
0.33
0.32
0.32
0.32
0.33
0.32
0.32
0.32
0.32
0.32
0.32
0.32
0.33
0.33
0.32
0.32
0.32
0.32
0.32
0.33
0.33
0.32
0.33
0.32
0.32
0.32
0.32
0.33
0.32
0.32
0.33
0.32
0.32
0.32
0.32
0.32
0.32
0.31
0.32
0.32
0.32
0.32
0.32
0.32
0.32
0.32
0.32
0.32
0.31
0.32
0.32
0.31
0.32
0.32
0.32
0.31
0.32
0.32
0.32
0.32
0.32
0.32
0.32
0.32
0.33
0.32
0.32
0.32
0.32
0.32
0.31
0.31
0.32
0.31
0.32
0.32
0.32
0.32
0.32
0.32
0.32
0.33
