0.03
0.04
0.04
0.03
0.03
0.04
0.03
0.04
0.03
0.03
0.03
0.04
0.03
0.03
0.03
0.04
0.03
0.03
0.03
0.03
0.04
0.03
0.03
0.03
0.03
0.04
0.03
0.03
0.03
0.04
0.03
0.03
0.03
0.03
0.03
0.04
0.04
0.03
0.03
0.04
0.03
0.03
0.03
0.04
0.03
0.03
0.03
0.04
0.04
0.04
0.03
0.03
0.04
0.04
0.04
0.04
0.04
0.03
0.03
0.04
0.03
0.04
0.04
0.04
0.03
0.03
0.03
0.03
0.03
0.03
0.03
0.03
0.03
0.03
0.04
0.03
0.04
0.04
0.04
0.03
0.04
0.03
0.03
0.03
0.04
0.03
0.03
0.04
0.04
0.02
0.03
0.03
0.04
0.03
0.03
0.04
0.04
0.04
0.03
0.03
