0.19
0.18
0.18
0.18
0.19
0.18
0.18
0.18
0.18
0.18
0.18
0.18
0.18
0.18
0.19
0.19
0.19
0.19
0.18
0.18
0.19
0.18
0.18
0.18
0.18
0.18
0.18
0.18
0.19
0.18
0.18
0.19
0.19
0.18
0.18
0.18
0.18
0.19
0.18
0.18
0.18
0.18
0.18
0.19
0.18
0.18
0.18
0.18
0.18
0.18
0.19
0.19
0.18
0.18
0.19
0.19
0.19
0.19
0.18
0.19
0.18
0.18
0.18
0.19
0.19
0.18
0.18
0.18
0.19
0.18
0.19
0.19
0.18
0.18
0.18
0.18
0.19
0.19
0.18
0.18
0.19
0.19
0.19
0.18
0.18
0.18
0.18
0.18
0.19
0.19
0.18
0.19
0.19
0.18
0.18
0.18
0.19
0.19
0.19
0.19
